$ 1 0.000005 10.20027730826997 50 5 43
178 288 240 384 240 0 1 0.2 0 0.05 1000000 0.02 20
v 384 176 288 176 0 0 40 5 0 0 0.5
x 319 157 354 160 4 10 5V\sUSB
w 288 176 288 240 0
! default 0 VIN-,VIN\p VOUT-,VOUT\p custom\slogic \0
208 384 192 512 256 0 default 0 0
w 384 192 384 176 0
x 399 156 503 172 4 10 MT3608\s升压模块\s(2A)\\n电位器调至12V输出
r 496 192 496 224 0 1000
r 528 192 528 224 0 1000
w 480 192 496 192 0
w 496 192 528 192 0
w 480 224 496 224 0
w 496 224 528 224 0
x 555 205 640 221 4 10 2个并联的涡轮风扇\\n(图为电阻)
w 288 272 272 272 0
w 272 272 272 320 0
w 288 288 288 320 0
x 214 304 268 320 4 10 RPi-GPIO\\nGPIO\sDC5V
x 294 304 356 320 4 10 RPi-GPIO\\nGPIO\sBCM23
x 294 219 393 235 4 10 HK4100F-DC5V-SHG\\n继电器
